$SPEC_ID:
No sample description was entered.
$SPEC_REM:
DET# 1
DETDESC# PHYSPRAK3 926
AP# Maestro Version 7.01
$DATE_MEA:
06/08/2026 13:44:02
$MEAS_TIM:
258768 258769
$DATA:
0 511
       0
       0
       0
       0
       2
       3
       2
       1
       1
       2
       2
       0
       5
       2
       4
       1
       1
       1
       6
       2
       2
       5
       6
       3
       4
       4
       1
       2
       2
       2
       0
       3
       2
       0
       3
       1
       2
       3
       1
       0
       2
       2
       1
       1
       1
       1
       2
       1
       0
       0
       0
       2
       1
       1
       1
       0
       0
       2
       2
       1
       1
       2
       1
       2
       2
       1
       0
       2
       2
       0
       1
       0
       1
       0
       1
       1
       1
       1
       2
       1
       1
       1
       3
       1
       1
       0
       1
       1
       0
       2
       2
       0
       2
       4
       0
       3
       2
       2
       1
       0
       0
       0
       1
       2
       2
       0
       3
       1
       1
       0
       1
       1
       0
       1
       2
       1
       0
       0
       0
       1
       0
       1
       0
       1
       0
       1
       2
       0
       1
       0
       0
       0
       1
       1
       0
       1
       0
       0
       1
       2
       0
       0
       0
       0
       2
       1
       0
       3
       0
       1
       1
       0
       0
       0
       1
       1
       1
       0
       0
       0
       2
       0
       0
       0
       0
       0
       0
       1
       0
       0
       0
       0
       1
       0
       1
       0
       1
       0
       0
       0
       0
       0
       0
       0
       2
       1
       2
       0
       0
       0
       1
       0
       2
       3
       1
       0
       1
       0
       0
       0
       1
       1
       0
       1
       0
       0
       0
       0
       1
       0
       0
       1
       0
       0
       0
       1
       0
       1
       0
       1
       1
       0
       0
       1
       0
       1
       0
       0
       0
       0
       0
       0
       0
       0
       0
       0
       0
       1
       0
       0
       0
       1
       0
       0
       0
       0
       0
       0
       0
       0
       0
       1
       0
       0
       0
       1
       1
       0
       1
       0
       0
       0
       0
       0
       0
       0
       0
       0
       0
       0
       0
       0
       0
       0
       0
       1
       0
       0
       0
       0
       0
       1
       0
       0
       0
       0
       0
       0
       0
       0
       0
       0
       0
       0
       0
       0
       0
       0
       0
       0
       0
       0
       0
       0
       0
       0
       0
       0
       0
       0
       0
       0
       0
       0
       0
       0
       0
       0
       0
       0
       0
       0
       0
       0
       0
       0
       0
       0
       0
       0
       0
       0
       0
       0
       0
       0
       0
       0
       0
       0
       0
       0
       0
       0
       0
       0
       0
       0
       0
       0
       0
       0
       0
       1
       0
       0
       0
       1
       0
       0
       0
       0
       0
       0
       1
       0
       0
       0
       0
       0
       0
       1
       0
       0
       0
       1
       0
       0
       0
       0
       0
       0
       0
       0
       1
       0
       1
       0
       0
       0
       1
       0
       0
       0
       0
       0
       0
       0
       0
       0
       0
       1
       0
       1
       0
       0
       0
       0
       0
       1
       0
       0
       0
       0
       0
       0
       0
       0
       0
       0
       0
       2
       0
       0
       0
       1
       0
       0
       0
       0
       0
       0
       0
       0
       0
       0
       0
       0
       0
       0
       0
       0
       0
       0
       1
       0
       0
       0
       0
       0
       1
       0
       0
       0
       0
       0
       0
       0
       0
       0
       0
       0
       0
       0
       0
       0
       1
       0
       0
       0
       0
       0
       0
       0
       0
       0
       0
       0
       0
       0
       0
       0
       0
       0
       0
       0
       0
       0
       0
       0
       0
       0
       0
       0
       0
       0
       0
       0
       0
       0
       0
       0
       0
       0
       0
       0
       0
       0
       0
       0
       0
       0
$ROI:
0
$PRESETS:
None
0
0
$ENER_FIT:
0.000000 0.000000
$MCA_CAL:
3
0.000000E+000 0.000000E+000 0.000000E+000 
$SHAPE_CAL:
3
0.000000E+000 0.000000E+000 0.000000E+000
